   0.0000000e+00   0.0000000e+00   0.0000000e+00   0.0000000e+00   0.0000000e+00   0.0000000e+00
   1.0000000e-04   1.0000000e-04   1.0000000e-04   1.0000000e-04   1.0000000e-04   1.0000000e-04
   6.0000000e-04   6.0000000e-04   6.0000000e-04   6.0000000e-04   6.0000000e-04   6.0000000e-04
   2.1000000e-03   2.1000000e-03   2.1000000e-03   2.1000000e-03   2.1000000e-03   2.1000000e-03
   4.8000000e-03   4.8000000e-03   4.8000000e-03   4.8000000e-03   4.8000000e-03   4.8000000e-03
   9.1000000e-03   9.1000000e-03   9.1000000e-03   9.1000000e-03   9.1000000e-03   9.1000000e-03
   1.5200000e-02   1.5200000e-02   1.5200000e-02   1.5200000e-02   1.5200000e-02   1.5200000e-02
   2.3300000e-02   2.3300000e-02   2.3300000e-02   2.3300000e-02   2.3300000e-02   2.3300000e-02
   3.3600000e-02   3.3600000e-02   3.3600000e-02   3.3600000e-02   3.3600000e-02   3.3600000e-02
   4.6100000e-02   4.6100000e-02   4.6100000e-02   4.6100000e-02   4.6100000e-02   4.6100000e-02
   6.1100000e-02   6.1100000e-02   6.1100000e-02   6.1100000e-02   6.1100000e-02   6.1100000e-02
   7.8500000e-02   7.8500000e-02   7.8500000e-02   7.8500000e-02   7.8500000e-02   7.8500000e-02
   9.8200000e-02   9.8200000e-02   9.8200000e-02   9.8200000e-02   9.8200000e-02   9.8200000e-02
   1.2030000e-01   1.2030000e-01   1.2030000e-01   1.2030000e-01   1.2030000e-01   1.2030000e-01
   1.4470000e-01   1.4470000e-01   1.4470000e-01   1.4470000e-01   1.4470000e-01   1.4470000e-01
   1.7130000e-01   1.7130000e-01   1.7130000e-01   1.7130000e-01   1.7130000e-01   1.7130000e-01
   1.9990000e-01   1.9990000e-01   1.9990000e-01   1.9990000e-01   1.9990000e-01   1.9990000e-01
   2.3040000e-01   2.3040000e-01   2.3040000e-01   2.3040000e-01   2.3040000e-01   2.3040000e-01
   2.6270000e-01   2.6270000e-01   2.6270000e-01   2.6270000e-01   2.6270000e-01   2.6270000e-01
   2.9650000e-01   2.9650000e-01   2.9650000e-01   2.9650000e-01   2.9650000e-01   2.9650000e-01
   3.3160000e-01   3.3160000e-01   3.3160000e-01   3.3160000e-01   3.3160000e-01   3.3160000e-01
   3.6790000e-01   3.6790000e-01   3.6790000e-01   3.6790000e-01   3.6790000e-01   3.6790000e-01
   4.0500000e-01   4.0500000e-01   4.0500000e-01   4.0500000e-01   4.0500000e-01   4.0500000e-01
   4.4270000e-01   4.4270000e-01   4.4270000e-01   4.4270000e-01   4.4270000e-01   4.4270000e-01
   4.8090000e-01   4.8090000e-01   4.8090000e-01   4.8090000e-01   4.8090000e-01   4.8090000e-01
   5.1910000e-01   5.1910000e-01   5.1910000e-01   5.1910000e-01   5.1910000e-01   5.1910000e-01
   5.5730000e-01   5.5730000e-01   5.5730000e-01   5.5730000e-01   5.5730000e-01   5.5730000e-01
   5.9500000e-01   5.9500000e-01   5.9500000e-01   5.9500000e-01   5.9500000e-01   5.9500000e-01
   6.3210000e-01   6.3210000e-01   6.3210000e-01   6.3210000e-01   6.3210000e-01   6.3210000e-01
   6.6840000e-01   6.6840000e-01   6.6840000e-01   6.6840000e-01   6.6840000e-01   6.6840000e-01
   7.0350000e-01   7.0350000e-01   7.0350000e-01   7.0350000e-01   7.0350000e-01   7.0350000e-01
   7.3730000e-01   7.3730000e-01   7.3730000e-01   7.3730000e-01   7.3730000e-01   7.3730000e-01
   7.6960000e-01   7.6960000e-01   7.6960000e-01   7.6960000e-01   7.6960000e-01   7.6960000e-01
   8.0010000e-01   8.0010000e-01   8.0010000e-01   8.0010000e-01   8.0010000e-01   8.0010000e-01
   8.2870000e-01   8.2870000e-01   8.2870000e-01   8.2870000e-01   8.2870000e-01   8.2870000e-01
   8.5530000e-01   8.5530000e-01   8.5530000e-01   8.5530000e-01   8.5530000e-01   8.5530000e-01
   8.7970000e-01   8.7970000e-01   8.7970000e-01   8.7970000e-01   8.7970000e-01   8.7970000e-01
   9.0180000e-01   9.0180000e-01   9.0180000e-01   9.0180000e-01   9.0180000e-01   9.0180000e-01
   9.2150000e-01   9.2150000e-01   9.2150000e-01   9.2150000e-01   9.2150000e-01   9.2150000e-01
   9.3890000e-01   9.3890000e-01   9.3890000e-01   9.3890000e-01   9.3890000e-01   9.3890000e-01
   9.5390000e-01   9.5390000e-01   9.5390000e-01   9.5390000e-01   9.5390000e-01   9.5390000e-01
   9.6640000e-01   9.6640000e-01   9.6640000e-01   9.6640000e-01   9.6640000e-01   9.6640000e-01
   9.7670000e-01   9.7670000e-01   9.7670000e-01   9.7670000e-01   9.7670000e-01   9.7670000e-01
   9.8480000e-01   9.8480000e-01   9.8480000e-01   9.8480000e-01   9.8480000e-01   9.8480000e-01
   9.9090000e-01   9.9090000e-01   9.9090000e-01   9.9090000e-01   9.9090000e-01   9.9090000e-01
   9.9520000e-01   9.9520000e-01   9.9520000e-01   9.9520000e-01   9.9520000e-01   9.9520000e-01
   9.9790000e-01   9.9790000e-01   9.9790000e-01   9.9790000e-01   9.9790000e-01   9.9790000e-01
   9.9940000e-01   9.9940000e-01   9.9940000e-01   9.9940000e-01   9.9940000e-01   9.9940000e-01
   9.9990000e-01   9.9990000e-01   9.9990000e-01   9.9990000e-01   9.9990000e-01   9.9990000e-01
   1.0000000e+00   1.0000000e+00   1.0000000e+00   1.0000000e+00   1.0000000e+00   1.0000000e+00
